24020005
24020006
00408020
24020005
24020005
00408820
24020005
24020003
00409020
24020005
24020004
00409820
24140000
0290402a
11000014
00000000
24150000
02b1402a
1100000d
00000000
02910018
00004012
01154020
00084080
20090000
01094020
24020005
00081082
ad020000
22b50001
08000c11
00000000
22940001
08000c0d
00000000
24140000
0292402a
11000014
00000000
24150000
02b3402a
1100000d
00000000
02930018
00004012
01154020
00084080
20090258
01094020
24020005
00081082
ad020000
22b50001
08000c28
00000000
22940001
08000c24
00000000
241e0000
24140000
02124022
21080001
0288402a
11000045
00000000
24150000
02334022
21080001
02a8402a
1100003a
00000000
24180000
24190000
24160000
02d2402a
11000027
00000000
24170000
02f3402a
11000020
00000000
02964020
01110018
00004012
01154020
01174020
00084080
200a0000
010a4020
8d080000
02d30018
00004812
01374820
00094880
200a0258
012a4820
8d290000
01090018
00004012
00004810
01187821
01f8502b
01e8582b
014b5025
11400002
00000000
25290001
21f80000
0329c821
22f70001
08000c4e
00000000
22d60001
08000c4a
00000000
23de0001
001e4080
03202020
24020023
ad0404b0
03002020
24020023
ad040708
20040960
24020004
22b50001
08000c42
00000000
20040962
24020004
22940001
08000c3c
00000000
